4.676000000000000000e+03
7.026000000000000000e+03
4.510000000000000000e+03
4.416000000000000000e+03
6.135000000000000000e+03
5.187000000000000000e+03
5.364000000000000000e+03
3.662000000000000000e+03
4.118000000000000000e+03
2.960000000000000000e+03
5.764000000000000000e+03
5.379000000000000000e+03
4.767000000000000000e+03
5.862000000000000000e+03
5.036000000000000000e+03
6.083000000000000000e+03
7.708000000000000000e+03
4.997000000000000000e+03
5.417000000000000000e+03
4.362000000000000000e+03
4.504000000000000000e+03
2.393000000000000000e+03
3.365000000000000000e+03
2.691000000000000000e+03
5.443000000000000000e+03
5.571000000000000000e+03
2.887000000000000000e+03
5.350000000000000000e+03
3.417000000000000000e+03
3.084000000000000000e+03
5.445000000000000000e+03
2.975000000000000000e+03
5.236000000000000000e+03
4.899000000000000000e+03
4.156000000000000000e+03
5.544000000000000000e+03
3.533000000000000000e+03
3.424000000000000000e+03
6.968000000000000000e+03
3.986000000000000000e+03
4.519000000000000000e+03
4.169000000000000000e+03
4.680000000000000000e+03
5.469000000000000000e+03
5.487000000000000000e+03
4.657000000000000000e+03
7.075000000000000000e+03
4.177000000000000000e+03
3.903000000000000000e+03
4.485000000000000000e+03
5.505000000000000000e+03
3.927000000000000000e+03
3.059000000000000000e+03
4.854000000000000000e+03
4.489000000000000000e+03
4.048000000000000000e+03
2.974000000000000000e+03
3.256000000000000000e+03
3.368000000000000000e+03
5.645000000000000000e+03
2.432000000000000000e+03
3.637000000000000000e+03
3.948000000000000000e+03
3.600000000000000000e+03
4.444000000000000000e+03
6.157000000000000000e+03
4.638000000000000000e+03
5.416000000000000000e+03
4.802000000000000000e+03
2.492000000000000000e+03
2.819000000000000000e+03
4.578000000000000000e+03
7.026000000000000000e+03
4.568000000000000000e+03
3.128000000000000000e+03
5.762000000000000000e+03
6.356000000000000000e+03
4.155000000000000000e+03
5.255000000000000000e+03
5.586000000000000000e+03
3.547000000000000000e+03
3.828000000000000000e+03
4.697000000000000000e+03
4.569000000000000000e+03
4.207000000000000000e+03
3.902000000000000000e+03
4.819000000000000000e+03
4.961000000000000000e+03
7.289000000000000000e+03
5.621000000000000000e+03
4.668000000000000000e+03
3.741000000000000000e+03
4.478000000000000000e+03
6.530000000000000000e+03
6.685000000000000000e+03
2.835000000000000000e+03
4.071000000000000000e+03
5.012000000000000000e+03
3.586000000000000000e+03
2.294000000000000000e+03
4.813000000000000000e+03
4.276000000000000000e+03
2.690000000000000000e+03
5.455000000000000000e+03
6.067000000000000000e+03
6.735000000000000000e+03
3.793000000000000000e+03
5.788000000000000000e+03
4.846000000000000000e+03
4.503000000000000000e+03
5.461000000000000000e+03
4.515000000000000000e+03
4.026000000000000000e+03
4.278000000000000000e+03
4.188000000000000000e+03
3.465000000000000000e+03
4.973000000000000000e+03
5.187000000000000000e+03
4.053000000000000000e+03
4.522000000000000000e+03
6.372000000000000000e+03
6.544000000000000000e+03
3.211000000000000000e+03
5.127000000000000000e+03
5.399000000000000000e+03
2.700000000000000000e+03
5.058000000000000000e+03
6.306000000000000000e+03
3.600000000000000000e+03
3.667000000000000000e+03
6.423000000000000000e+03
7.657000000000000000e+03
7.185000000000000000e+03
4.849000000000000000e+03
4.920000000000000000e+03
5.808000000000000000e+03
3.514000000000000000e+03
4.812000000000000000e+03
2.445000000000000000e+03
3.878000000000000000e+03
5.687000000000000000e+03
4.416000000000000000e+03
4.547000000000000000e+03
5.455000000000000000e+03
3.362000000000000000e+03
4.977000000000000000e+03
2.764000000000000000e+03
3.659000000000000000e+03
3.684000000000000000e+03
4.006000000000000000e+03
5.822000000000000000e+03
5.151000000000000000e+03
4.434000000000000000e+03
7.737000000000000000e+03
5.703000000000000000e+03
4.765000000000000000e+03
4.504000000000000000e+03
5.583000000000000000e+03
7.205000000000000000e+03
1.069700000000000000e+04
4.565000000000000000e+03
6.600000000000000000e+03
3.662000000000000000e+03
5.135000000000000000e+03
4.738000000000000000e+03
4.744000000000000000e+03
3.659000000000000000e+03
4.513000000000000000e+03
4.311000000000000000e+03
4.820000000000000000e+03
4.486000000000000000e+03
4.953000000000000000e+03
4.276000000000000000e+03
7.276000000000000000e+03
5.147000000000000000e+03
5.825000000000000000e+03
5.642000000000000000e+03
4.536000000000000000e+03
3.400000000000000000e+03
5.473000000000000000e+03
4.869000000000000000e+03
3.250000000000000000e+03
9.065000000000000000e+03
3.897000000000000000e+03
4.229000000000000000e+03
4.071000000000000000e+03
4.931000000000000000e+03
4.167000000000000000e+03
4.501000000000000000e+03
4.111000000000000000e+03
4.293000000000000000e+03
5.298000000000000000e+03
3.747000000000000000e+03
3.744000000000000000e+03
4.102000000000000000e+03
2.508000000000000000e+03
6.906000000000000000e+03
5.063000000000000000e+03
3.917000000000000000e+03
4.780000000000000000e+03
5.143000000000000000e+03
3.830000000000000000e+03
3.275000000000000000e+03
5.753000000000000000e+03
5.797000000000000000e+03
4.775000000000000000e+03
8.560000000000000000e+03
4.656000000000000000e+03
4.230000000000000000e+03
4.097000000000000000e+03
5.059000000000000000e+03
5.991000000000000000e+03
3.372000000000000000e+03
4.632000000000000000e+03
5.704000000000000000e+03
5.392000000000000000e+03
4.201000000000000000e+03
4.740000000000000000e+03
5.332000000000000000e+03
4.038000000000000000e+03
3.707000000000000000e+03
2.999000000000000000e+03
4.461000000000000000e+03
6.154000000000000000e+03
4.619000000000000000e+03
5.813000000000000000e+03
6.872000000000000000e+03
4.469000000000000000e+03
3.746000000000000000e+03
5.238000000000000000e+03
4.121000000000000000e+03
3.896000000000000000e+03
5.868000000000000000e+03
5.385000000000000000e+03
4.412000000000000000e+03
5.495000000000000000e+03
5.348000000000000000e+03
5.660000000000000000e+03
5.017000000000000000e+03
4.339000000000000000e+03
5.355000000000000000e+03
5.907000000000000000e+03
6.837000000000000000e+03
3.814000000000000000e+03
2.960000000000000000e+03
4.071000000000000000e+03
4.530000000000000000e+03
9.039000000000000000e+03
3.650000000000000000e+03
3.483000000000000000e+03
5.772000000000000000e+03
7.454000000000000000e+03
5.155000000000000000e+03
2.680000000000000000e+03
6.252000000000000000e+03
4.365000000000000000e+03
4.404000000000000000e+03
5.604000000000000000e+03
3.242000000000000000e+03
4.306000000000000000e+03
4.039000000000000000e+03
4.911000000000000000e+03
4.327000000000000000e+03
4.692000000000000000e+03
6.336000000000000000e+03
4.186000000000000000e+03
2.736000000000000000e+03
4.096000000000000000e+03
5.424000000000000000e+03
3.280000000000000000e+03
8.177000000000000000e+03
4.061000000000000000e+03
6.222000000000000000e+03
4.847000000000000000e+03
4.729000000000000000e+03
6.895000000000000000e+03
2.781000000000000000e+03
6.164000000000000000e+03
5.013000000000000000e+03
5.927000000000000000e+03
5.414000000000000000e+03
5.785000000000000000e+03
4.810000000000000000e+03
4.597000000000000000e+03
4.520000000000000000e+03
4.777000000000000000e+03
5.116000000000000000e+03
5.510000000000000000e+03
5.204000000000000000e+03
4.147000000000000000e+03
4.237000000000000000e+03
4.462000000000000000e+03
4.553000000000000000e+03
5.604000000000000000e+03
6.358000000000000000e+03
4.583000000000000000e+03
4.666000000000000000e+03
7.695000000000000000e+03
4.289000000000000000e+03
5.399000000000000000e+03
5.398000000000000000e+03
4.747000000000000000e+03
4.926000000000000000e+03
5.600000000000000000e+03
4.092000000000000000e+03
4.406000000000000000e+03
5.765000000000000000e+03
5.672000000000000000e+03
4.587000000000000000e+03
4.903000000000000000e+03
3.160000000000000000e+03
5.478000000000000000e+03
6.170000000000000000e+03
3.681000000000000000e+03
3.125000000000000000e+03
4.788000000000000000e+03
4.673000000000000000e+03
3.247000000000000000e+03
4.373000000000000000e+03
4.859000000000000000e+03
3.921000000000000000e+03
5.833000000000000000e+03
3.624000000000000000e+03
4.667000000000000000e+03
5.605000000000000000e+03
2.899000000000000000e+03
4.960000000000000000e+03
5.742000000000000000e+03
6.481000000000000000e+03
3.562000000000000000e+03
4.233000000000000000e+03
4.224000000000000000e+03
7.006000000000000000e+03
5.476000000000000000e+03
5.179000000000000000e+03
4.319000000000000000e+03
4.967000000000000000e+03
4.350000000000000000e+03
4.841000000000000000e+03
5.350000000000000000e+03
5.338000000000000000e+03
4.840000000000000000e+03
3.251000000000000000e+03
5.377000000000000000e+03
3.454000000000000000e+03
3.498000000000000000e+03
2.993000000000000000e+03
3.372000000000000000e+03
6.281000000000000000e+03
4.450000000000000000e+03
5.517000000000000000e+03
4.631000000000000000e+03
5.567000000000000000e+03
6.713000000000000000e+03
4.355000000000000000e+03
3.468000000000000000e+03
5.504000000000000000e+03
5.631000000000000000e+03
7.911000000000000000e+03
5.379000000000000000e+03
5.953000000000000000e+03
5.001000000000000000e+03
4.816000000000000000e+03
4.230000000000000000e+03
4.355000000000000000e+03
4.770000000000000000e+03
5.985000000000000000e+03
4.313000000000000000e+03
6.895000000000000000e+03
4.520000000000000000e+03
4.848000000000000000e+03
5.315000000000000000e+03
3.479000000000000000e+03
4.399000000000000000e+03
5.068000000000000000e+03
4.875000000000000000e+03
3.705000000000000000e+03
5.594000000000000000e+03
3.391000000000000000e+03
7.444000000000000000e+03
6.401000000000000000e+03
3.668000000000000000e+03
5.746000000000000000e+03
8.080000000000000000e+03
5.212000000000000000e+03
4.799000000000000000e+03
6.130000000000000000e+03
4.843000000000000000e+03
4.058000000000000000e+03
3.886000000000000000e+03
4.356000000000000000e+03
6.043000000000000000e+03
3.285000000000000000e+03
5.713000000000000000e+03
5.450000000000000000e+03
3.104000000000000000e+03
2.906000000000000000e+03
5.868000000000000000e+03
5.764000000000000000e+03
5.409000000000000000e+03
5.258000000000000000e+03
4.158000000000000000e+03
3.393000000000000000e+03
5.654000000000000000e+03
5.285000000000000000e+03
4.400000000000000000e+03
3.689000000000000000e+03
5.633000000000000000e+03
4.091000000000000000e+03
7.444000000000000000e+03
6.910000000000000000e+03
5.210000000000000000e+03
6.589000000000000000e+03
5.744000000000000000e+03
6.076000000000000000e+03
6.829000000000000000e+03
6.023000000000000000e+03
6.395000000000000000e+03
5.106000000000000000e+03
3.806000000000000000e+03
6.771000000000000000e+03
4.606000000000000000e+03
4.434000000000000000e+03
3.145000000000000000e+03
3.052000000000000000e+03
6.332000000000000000e+03
5.755000000000000000e+03
3.986000000000000000e+03
3.256000000000000000e+03
5.635000000000000000e+03
5.717000000000000000e+03
5.201000000000000000e+03
3.865000000000000000e+03
3.598000000000000000e+03
4.148000000000000000e+03
5.723000000000000000e+03
5.807000000000000000e+03
4.481000000000000000e+03
5.583000000000000000e+03
2.153000000000000000e+03
5.061000000000000000e+03
7.346000000000000000e+03
3.499000000000000000e+03
5.982000000000000000e+03
5.307000000000000000e+03
7.028000000000000000e+03
6.462000000000000000e+03
4.595000000000000000e+03
3.400000000000000000e+03
6.676000000000000000e+03
2.468000000000000000e+03
4.570000000000000000e+03
3.376000000000000000e+03
6.078000000000000000e+03
4.542000000000000000e+03
4.263000000000000000e+03
5.823000000000000000e+03
5.388000000000000000e+03
4.496000000000000000e+03
5.643000000000000000e+03
5.421000000000000000e+03
4.931000000000000000e+03
5.277000000000000000e+03
4.513000000000000000e+03
4.739000000000000000e+03
2.927000000000000000e+03
6.671000000000000000e+03
3.957000000000000000e+03
4.184000000000000000e+03
3.538000000000000000e+03
4.189000000000000000e+03
5.114000000000000000e+03
4.867000000000000000e+03
6.686000000000000000e+03
5.556000000000000000e+03
4.796000000000000000e+03
6.874000000000000000e+03
2.822000000000000000e+03
3.053000000000000000e+03
3.788000000000000000e+03
6.653000000000000000e+03
4.264000000000000000e+03
5.712000000000000000e+03
3.586000000000000000e+03
6.771000000000000000e+03
7.903000000000000000e+03
5.807000000000000000e+03
4.704000000000000000e+03
4.560000000000000000e+03
4.941000000000000000e+03
6.551000000000000000e+03
6.464000000000000000e+03
4.859000000000000000e+03
4.387000000000000000e+03
6.251000000000000000e+03
3.690000000000000000e+03
4.444000000000000000e+03
5.358000000000000000e+03
4.166000000000000000e+03
3.505000000000000000e+03
4.750000000000000000e+03
4.433000000000000000e+03
5.260000000000000000e+03
3.283000000000000000e+03
3.914000000000000000e+03
2.702000000000000000e+03
5.312000000000000000e+03
4.916000000000000000e+03
3.567000000000000000e+03
6.353000000000000000e+03
4.823000000000000000e+03
7.083000000000000000e+03
6.402000000000000000e+03
4.900000000000000000e+03
6.807000000000000000e+03
3.695000000000000000e+03
3.891000000000000000e+03
7.676000000000000000e+03
5.148000000000000000e+03
6.611000000000000000e+03
3.015000000000000000e+03
6.503000000000000000e+03
6.342000000000000000e+03
5.493000000000000000e+03
4.561000000000000000e+03
3.936000000000000000e+03
4.095000000000000000e+03
3.300000000000000000e+03
3.593000000000000000e+03
3.884000000000000000e+03
4.071000000000000000e+03
3.970000000000000000e+03
4.775000000000000000e+03
4.378000000000000000e+03
5.264000000000000000e+03
5.067000000000000000e+03
4.411000000000000000e+03
4.564000000000000000e+03
4.104000000000000000e+03
4.314000000000000000e+03
4.879000000000000000e+03
5.302000000000000000e+03
4.286000000000000000e+03
5.610000000000000000e+03
3.156000000000000000e+03
3.961000000000000000e+03
5.589000000000000000e+03
3.140000000000000000e+03
4.687000000000000000e+03
3.582000000000000000e+03
5.032000000000000000e+03
6.507000000000000000e+03
6.638000000000000000e+03
2.174000000000000000e+03
4.970000000000000000e+03
3.309000000000000000e+03
7.400000000000000000e+03
5.157000000000000000e+03
6.034000000000000000e+03
6.045000000000000000e+03
3.620000000000000000e+03
4.212000000000000000e+03
5.816000000000000000e+03
5.585000000000000000e+03
5.829000000000000000e+03
3.697000000000000000e+03
5.923000000000000000e+03
5.071000000000000000e+03
4.861000000000000000e+03
2.798000000000000000e+03
4.181000000000000000e+03
7.292000000000000000e+03
5.169000000000000000e+03
4.813000000000000000e+03
5.170000000000000000e+03
7.570000000000000000e+03
3.586000000000000000e+03
4.240000000000000000e+03
4.290000000000000000e+03
3.802000000000000000e+03
4.349000000000000000e+03
3.852000000000000000e+03
6.374000000000000000e+03
5.777000000000000000e+03
7.416000000000000000e+03
3.282000000000000000e+03
4.175000000000000000e+03
5.037000000000000000e+03
6.679000000000000000e+03
6.043000000000000000e+03
6.684000000000000000e+03
5.398000000000000000e+03
2.638000000000000000e+03
4.423000000000000000e+03
4.536000000000000000e+03
4.872000000000000000e+03
4.667000000000000000e+03
4.289000000000000000e+03
7.155000000000000000e+03
6.013000000000000000e+03
3.326000000000000000e+03
6.640000000000000000e+03
6.929000000000000000e+03
4.712000000000000000e+03
5.056000000000000000e+03
6.557000000000000000e+03
5.165000000000000000e+03
7.116000000000000000e+03
4.804000000000000000e+03
6.550000000000000000e+03
3.810000000000000000e+03
5.532000000000000000e+03
7.226000000000000000e+03
2.398000000000000000e+03
3.895000000000000000e+03
5.964000000000000000e+03
4.517000000000000000e+03
4.261000000000000000e+03
4.366000000000000000e+03
5.523000000000000000e+03
4.546000000000000000e+03
3.893000000000000000e+03
3.477000000000000000e+03
5.488000000000000000e+03
6.552000000000000000e+03
3.182000000000000000e+03
5.769000000000000000e+03
4.323000000000000000e+03
8.122000000000000000e+03
6.699000000000000000e+03
4.999000000000000000e+03
4.648000000000000000e+03
5.569000000000000000e+03
3.348000000000000000e+03
4.559000000000000000e+03
5.394000000000000000e+03
4.853000000000000000e+03
4.943000000000000000e+03
6.035000000000000000e+03
4.787000000000000000e+03
5.136000000000000000e+03
5.203000000000000000e+03
7.685000000000000000e+03
3.097000000000000000e+03
4.619000000000000000e+03
2.484000000000000000e+03
5.228000000000000000e+03
4.664000000000000000e+03
5.578000000000000000e+03
4.307000000000000000e+03
2.684000000000000000e+03
4.123000000000000000e+03
5.870000000000000000e+03
4.817000000000000000e+03
4.449000000000000000e+03
4.623000000000000000e+03
6.202000000000000000e+03
3.725000000000000000e+03
2.514000000000000000e+03
5.672000000000000000e+03
4.178000000000000000e+03
3.501000000000000000e+03
4.717000000000000000e+03
3.420000000000000000e+03
2.278000000000000000e+03
5.253000000000000000e+03
4.318000000000000000e+03
4.909000000000000000e+03
4.098000000000000000e+03
4.335000000000000000e+03
4.078000000000000000e+03
7.721000000000000000e+03
4.129000000000000000e+03
4.400000000000000000e+03
3.840000000000000000e+03
4.877000000000000000e+03
4.776000000000000000e+03
5.774000000000000000e+03
4.594000000000000000e+03
3.931000000000000000e+03
5.355000000000000000e+03
4.635000000000000000e+03
4.153000000000000000e+03
5.347000000000000000e+03
5.362000000000000000e+03
4.239000000000000000e+03
5.652000000000000000e+03
2.633000000000000000e+03
5.387000000000000000e+03
6.954000000000000000e+03
3.501000000000000000e+03
5.195000000000000000e+03
3.675000000000000000e+03
3.505000000000000000e+03
6.393000000000000000e+03
4.129000000000000000e+03
5.190000000000000000e+03
6.073000000000000000e+03
6.723000000000000000e+03
5.155000000000000000e+03
4.611000000000000000e+03
4.475000000000000000e+03
6.000000000000000000e+03
4.706000000000000000e+03
5.581000000000000000e+03
5.112000000000000000e+03
4.311000000000000000e+03
4.372000000000000000e+03
5.307000000000000000e+03
4.662000000000000000e+03
4.343000000000000000e+03
3.260000000000000000e+03
5.314000000000000000e+03
2.892000000000000000e+03
3.196000000000000000e+03
5.025000000000000000e+03
5.289000000000000000e+03
5.010000000000000000e+03
5.255000000000000000e+03
6.496000000000000000e+03
4.424000000000000000e+03
7.143000000000000000e+03
4.611000000000000000e+03
4.323000000000000000e+03
5.920000000000000000e+03
4.538000000000000000e+03
3.997000000000000000e+03
4.331000000000000000e+03
3.457000000000000000e+03
6.471000000000000000e+03
5.122000000000000000e+03
2.944000000000000000e+03
4.168000000000000000e+03
6.725000000000000000e+03
5.046000000000000000e+03
4.862000000000000000e+03
4.608000000000000000e+03
4.223000000000000000e+03
4.346000000000000000e+03
3.597000000000000000e+03
4.538000000000000000e+03
4.407000000000000000e+03
5.672000000000000000e+03
6.562000000000000000e+03
9.209000000000000000e+03
6.533000000000000000e+03
4.844000000000000000e+03
4.684000000000000000e+03
4.073000000000000000e+03
5.575000000000000000e+03
4.819000000000000000e+03
2.947000000000000000e+03
6.753000000000000000e+03
4.035000000000000000e+03
6.003000000000000000e+03
4.116000000000000000e+03
3.637000000000000000e+03
5.200000000000000000e+03
6.223000000000000000e+03
5.221000000000000000e+03
3.804000000000000000e+03
4.641000000000000000e+03
5.902000000000000000e+03
2.425000000000000000e+03
4.789000000000000000e+03
4.249000000000000000e+03
6.599000000000000000e+03
3.236000000000000000e+03
3.503000000000000000e+03
2.945000000000000000e+03
4.804000000000000000e+03
5.502000000000000000e+03
5.035000000000000000e+03
4.462000000000000000e+03
4.479000000000000000e+03
2.929000000000000000e+03
7.722000000000000000e+03
4.520000000000000000e+03
6.819000000000000000e+03
7.480000000000000000e+03
5.428000000000000000e+03
4.015000000000000000e+03
8.020000000000000000e+03
3.788000000000000000e+03
5.596000000000000000e+03
4.621000000000000000e+03
6.047000000000000000e+03
3.938000000000000000e+03
4.154000000000000000e+03
7.393000000000000000e+03
6.396000000000000000e+03
4.706000000000000000e+03
2.998000000000000000e+03
4.435000000000000000e+03
3.669000000000000000e+03
5.046000000000000000e+03
5.909000000000000000e+03
2.643000000000000000e+03
4.279000000000000000e+03
6.798000000000000000e+03
5.112000000000000000e+03
5.055000000000000000e+03
4.757000000000000000e+03
5.120000000000000000e+03
6.172000000000000000e+03
5.238000000000000000e+03
6.246000000000000000e+03
4.888000000000000000e+03
5.062000000000000000e+03
6.085000000000000000e+03
4.361000000000000000e+03
6.826000000000000000e+03
3.335000000000000000e+03
6.097000000000000000e+03
9.052000000000000000e+03
4.530000000000000000e+03
3.675000000000000000e+03
3.485000000000000000e+03
4.466000000000000000e+03
5.204000000000000000e+03
3.994000000000000000e+03
4.017000000000000000e+03
5.484000000000000000e+03
6.019000000000000000e+03
6.852000000000000000e+03
5.337000000000000000e+03
3.856000000000000000e+03
5.762000000000000000e+03
4.444000000000000000e+03
6.415000000000000000e+03
6.293000000000000000e+03
4.675000000000000000e+03
4.430000000000000000e+03
3.483000000000000000e+03
5.710000000000000000e+03
4.028000000000000000e+03
5.928000000000000000e+03
5.432000000000000000e+03
3.749000000000000000e+03
7.152000000000000000e+03
5.719000000000000000e+03
6.416000000000000000e+03
5.381000000000000000e+03
6.403000000000000000e+03
2.736000000000000000e+03
4.578000000000000000e+03
4.076000000000000000e+03
4.514000000000000000e+03
4.846000000000000000e+03
4.357000000000000000e+03
6.304000000000000000e+03
6.456000000000000000e+03
5.309000000000000000e+03
3.224000000000000000e+03
5.039000000000000000e+03
3.800000000000000000e+03
3.350000000000000000e+03
4.459000000000000000e+03
5.436000000000000000e+03
5.600000000000000000e+03
4.642000000000000000e+03
5.244000000000000000e+03
3.399000000000000000e+03
4.291000000000000000e+03
7.052000000000000000e+03
3.947000000000000000e+03
5.515000000000000000e+03
3.776000000000000000e+03
5.376000000000000000e+03
4.691000000000000000e+03
4.617000000000000000e+03
5.585000000000000000e+03
4.947000000000000000e+03
6.292000000000000000e+03
3.287000000000000000e+03
3.977000000000000000e+03
5.038000000000000000e+03
2.835000000000000000e+03
3.993000000000000000e+03
5.643000000000000000e+03
4.531000000000000000e+03
7.748000000000000000e+03
6.238000000000000000e+03
4.751000000000000000e+03
4.899000000000000000e+03
5.239000000000000000e+03
4.046000000000000000e+03
5.883000000000000000e+03
6.500000000000000000e+03
4.113000000000000000e+03
2.535000000000000000e+03
5.253000000000000000e+03
7.119000000000000000e+03
2.609000000000000000e+03
6.132000000000000000e+03
4.529000000000000000e+03
5.196000000000000000e+03
5.517000000000000000e+03
8.157000000000000000e+03
6.224000000000000000e+03
3.975000000000000000e+03
5.487000000000000000e+03
3.694000000000000000e+03
5.273000000000000000e+03
4.340000000000000000e+03
3.946000000000000000e+03
4.429000000000000000e+03
2.700000000000000000e+03
3.851000000000000000e+03
6.864000000000000000e+03
8.862000000000000000e+03
6.875000000000000000e+03
3.865000000000000000e+03
5.133000000000000000e+03
5.741000000000000000e+03
4.386000000000000000e+03
3.974000000000000000e+03
4.436000000000000000e+03
5.202000000000000000e+03
2.793000000000000000e+03
3.958000000000000000e+03
3.588000000000000000e+03
4.014000000000000000e+03
4.195000000000000000e+03
5.222000000000000000e+03
6.712000000000000000e+03
5.887000000000000000e+03
3.767000000000000000e+03
4.583000000000000000e+03
4.504000000000000000e+03
2.791000000000000000e+03
6.596000000000000000e+03
4.673000000000000000e+03
5.744000000000000000e+03
3.582000000000000000e+03
4.975000000000000000e+03
3.642000000000000000e+03
3.157000000000000000e+03
5.784000000000000000e+03
6.583000000000000000e+03
3.574000000000000000e+03
4.607000000000000000e+03
4.497000000000000000e+03
4.945000000000000000e+03
3.498000000000000000e+03
2.688000000000000000e+03
3.877000000000000000e+03
6.905000000000000000e+03
5.835000000000000000e+03
4.305000000000000000e+03
6.672000000000000000e+03
5.597000000000000000e+03
2.849000000000000000e+03
4.814000000000000000e+03
6.289000000000000000e+03
8.872000000000000000e+03
5.839000000000000000e+03
7.458000000000000000e+03
4.520000000000000000e+03
4.268000000000000000e+03
5.331000000000000000e+03
5.560000000000000000e+03
4.120000000000000000e+03
4.806000000000000000e+03
6.549000000000000000e+03
4.900000000000000000e+03
4.279000000000000000e+03
5.808000000000000000e+03
4.512000000000000000e+03
4.325000000000000000e+03
3.973000000000000000e+03
2.955000000000000000e+03
5.268000000000000000e+03
3.338000000000000000e+03
4.925000000000000000e+03
7.023000000000000000e+03
4.738000000000000000e+03
4.011000000000000000e+03
4.640000000000000000e+03
3.148000000000000000e+03
4.398000000000000000e+03
5.569000000000000000e+03
4.825000000000000000e+03
2.776000000000000000e+03
4.348000000000000000e+03
6.111000000000000000e+03
5.334000000000000000e+03
3.949000000000000000e+03
2.264000000000000000e+03
3.393000000000000000e+03
4.125000000000000000e+03
3.677000000000000000e+03
5.579000000000000000e+03
4.042000000000000000e+03
4.195000000000000000e+03
5.118000000000000000e+03
3.894000000000000000e+03
7.020000000000000000e+03
4.443000000000000000e+03
5.134000000000000000e+03
