4.786000000000000000e+03
5.847000000000000000e+03
3.247000000000000000e+03
3.623000000000000000e+03
3.390000000000000000e+03
4.987000000000000000e+03
6.232000000000000000e+03
5.685000000000000000e+03
5.558000000000000000e+03
3.157000000000000000e+03
2.785000000000000000e+03
5.761000000000000000e+03
6.294000000000000000e+03
5.658000000000000000e+03
5.853000000000000000e+03
3.507000000000000000e+03
6.368000000000000000e+03
2.207000000000000000e+03
4.257000000000000000e+03
4.211000000000000000e+03
4.022000000000000000e+03
4.682000000000000000e+03
5.134000000000000000e+03
3.307000000000000000e+03
2.335000000000000000e+03
5.607000000000000000e+03
3.065000000000000000e+03
3.372000000000000000e+03
4.744000000000000000e+03
4.063000000000000000e+03
5.375000000000000000e+03
4.973000000000000000e+03
4.405000000000000000e+03
3.499000000000000000e+03
4.997000000000000000e+03
4.864000000000000000e+03
4.088000000000000000e+03
6.181000000000000000e+03
3.944000000000000000e+03
3.145000000000000000e+03
3.398000000000000000e+03
3.978000000000000000e+03
4.620000000000000000e+03
6.022000000000000000e+03
5.491000000000000000e+03
5.304000000000000000e+03
4.439000000000000000e+03
5.220000000000000000e+03
4.974000000000000000e+03
4.178000000000000000e+03
5.526000000000000000e+03
3.232000000000000000e+03
4.402000000000000000e+03
4.345000000000000000e+03
4.686000000000000000e+03
5.863000000000000000e+03
3.989000000000000000e+03
3.374000000000000000e+03
3.722000000000000000e+03
2.444000000000000000e+03
2.659000000000000000e+03
5.690000000000000000e+03
3.986000000000000000e+03
2.933000000000000000e+03
5.672000000000000000e+03
3.899000000000000000e+03
4.746000000000000000e+03
4.842000000000000000e+03
3.253000000000000000e+03
5.157000000000000000e+03
3.554000000000000000e+03
6.504000000000000000e+03
3.174000000000000000e+03
5.867000000000000000e+03
4.914000000000000000e+03
5.468000000000000000e+03
5.882000000000000000e+03
3.533000000000000000e+03
5.950000000000000000e+03
6.265000000000000000e+03
8.520000000000000000e+03
6.239000000000000000e+03
4.692000000000000000e+03
3.416000000000000000e+03
8.962000000000000000e+03
5.504000000000000000e+03
3.860000000000000000e+03
4.184000000000000000e+03
4.321000000000000000e+03
4.044000000000000000e+03
7.177000000000000000e+03
2.719000000000000000e+03
3.200000000000000000e+03
3.975000000000000000e+03
3.656000000000000000e+03
6.278000000000000000e+03
4.499000000000000000e+03
5.006000000000000000e+03
5.561000000000000000e+03
5.216000000000000000e+03
5.638000000000000000e+03
4.267000000000000000e+03
6.861000000000000000e+03
4.394000000000000000e+03
5.123000000000000000e+03
5.387000000000000000e+03
7.981000000000000000e+03
4.981000000000000000e+03
5.288000000000000000e+03
3.362000000000000000e+03
2.978000000000000000e+03
5.699000000000000000e+03
4.372000000000000000e+03
5.251000000000000000e+03
5.396000000000000000e+03
5.516000000000000000e+03
3.703000000000000000e+03
5.609000000000000000e+03
4.969000000000000000e+03
3.482000000000000000e+03
3.654000000000000000e+03
4.641000000000000000e+03
2.388000000000000000e+03
6.859000000000000000e+03
5.004000000000000000e+03
3.609000000000000000e+03
4.119000000000000000e+03
5.177000000000000000e+03
4.698000000000000000e+03
4.920000000000000000e+03
3.889000000000000000e+03
4.411000000000000000e+03
5.430000000000000000e+03
3.968000000000000000e+03
5.625000000000000000e+03
3.532000000000000000e+03
5.424000000000000000e+03
3.211000000000000000e+03
5.068000000000000000e+03
5.762000000000000000e+03
7.156000000000000000e+03
8.798000000000000000e+03
4.556000000000000000e+03
3.077000000000000000e+03
7.100000000000000000e+03
5.157000000000000000e+03
5.974000000000000000e+03
4.794000000000000000e+03
3.628000000000000000e+03
7.568000000000000000e+03
6.281000000000000000e+03
3.739000000000000000e+03
4.428000000000000000e+03
7.415000000000000000e+03
5.610000000000000000e+03
5.022000000000000000e+03
5.784000000000000000e+03
7.407000000000000000e+03
5.416000000000000000e+03
6.317000000000000000e+03
3.321000000000000000e+03
5.024000000000000000e+03
3.391000000000000000e+03
4.424000000000000000e+03
3.638000000000000000e+03
4.904000000000000000e+03
4.495000000000000000e+03
3.659000000000000000e+03
3.205000000000000000e+03
4.217000000000000000e+03
4.942000000000000000e+03
3.326000000000000000e+03
5.904000000000000000e+03
7.238000000000000000e+03
3.487000000000000000e+03
5.025000000000000000e+03
4.357000000000000000e+03
2.958000000000000000e+03
5.549000000000000000e+03
4.906000000000000000e+03
4.183000000000000000e+03
5.313000000000000000e+03
4.682000000000000000e+03
4.119000000000000000e+03
5.133000000000000000e+03
8.086000000000000000e+03
2.889000000000000000e+03
5.118000000000000000e+03
6.817000000000000000e+03
5.177000000000000000e+03
4.202000000000000000e+03
3.602000000000000000e+03
3.445000000000000000e+03
3.967000000000000000e+03
3.474000000000000000e+03
6.185000000000000000e+03
6.733000000000000000e+03
5.230000000000000000e+03
6.731000000000000000e+03
3.060000000000000000e+03
6.432000000000000000e+03
8.240000000000000000e+03
3.929000000000000000e+03
5.166000000000000000e+03
5.953000000000000000e+03
6.795000000000000000e+03
6.343000000000000000e+03
7.663000000000000000e+03
4.981000000000000000e+03
4.601000000000000000e+03
2.757000000000000000e+03
6.181000000000000000e+03
6.503000000000000000e+03
5.347000000000000000e+03
4.720000000000000000e+03
7.543000000000000000e+03
1.730000000000000000e+03
4.124000000000000000e+03
4.598000000000000000e+03
3.922000000000000000e+03
2.259000000000000000e+03
4.923000000000000000e+03
5.979000000000000000e+03
3.580000000000000000e+03
7.157000000000000000e+03
4.133000000000000000e+03
4.188000000000000000e+03
6.794000000000000000e+03
3.938000000000000000e+03
7.016000000000000000e+03
4.037000000000000000e+03
6.939000000000000000e+03
8.599000000000000000e+03
3.688000000000000000e+03
5.195000000000000000e+03
3.907000000000000000e+03
5.068000000000000000e+03
5.470000000000000000e+03
3.724000000000000000e+03
3.644000000000000000e+03
5.781000000000000000e+03
9.363000000000000000e+03
5.305000000000000000e+03
5.761000000000000000e+03
4.083000000000000000e+03
6.567000000000000000e+03
5.430000000000000000e+03
5.678000000000000000e+03
4.720000000000000000e+03
5.336000000000000000e+03
3.429000000000000000e+03
5.157000000000000000e+03
6.040000000000000000e+03
4.050000000000000000e+03
7.995000000000000000e+03
5.536000000000000000e+03
4.716000000000000000e+03
3.569000000000000000e+03
5.101000000000000000e+03
4.214000000000000000e+03
4.858000000000000000e+03
5.770000000000000000e+03
4.577000000000000000e+03
3.226000000000000000e+03
3.375000000000000000e+03
3.762000000000000000e+03
3.570000000000000000e+03
2.895000000000000000e+03
4.170000000000000000e+03
4.630000000000000000e+03
3.398000000000000000e+03
3.766000000000000000e+03
5.671000000000000000e+03
5.570000000000000000e+03
7.100000000000000000e+03
8.833000000000000000e+03
3.973000000000000000e+03
3.835000000000000000e+03
3.244000000000000000e+03
5.978000000000000000e+03
5.013000000000000000e+03
3.544000000000000000e+03
3.499000000000000000e+03
3.730000000000000000e+03
4.257000000000000000e+03
2.842000000000000000e+03
4.169000000000000000e+03
7.509000000000000000e+03
7.595000000000000000e+03
2.638000000000000000e+03
6.769000000000000000e+03
6.243000000000000000e+03
6.709000000000000000e+03
5.563000000000000000e+03
4.678000000000000000e+03
4.129000000000000000e+03
4.770000000000000000e+03
3.403000000000000000e+03
5.764000000000000000e+03
4.200000000000000000e+03
4.916000000000000000e+03
3.231000000000000000e+03
4.904000000000000000e+03
4.787000000000000000e+03
5.521000000000000000e+03
4.623000000000000000e+03
5.031000000000000000e+03
4.562000000000000000e+03
6.998000000000000000e+03
4.807000000000000000e+03
5.249000000000000000e+03
2.304000000000000000e+03
4.245000000000000000e+03
4.074000000000000000e+03
5.117000000000000000e+03
7.572000000000000000e+03
8.715000000000000000e+03
3.880000000000000000e+03
6.968000000000000000e+03
3.651000000000000000e+03
3.988000000000000000e+03
3.597000000000000000e+03
5.218000000000000000e+03
4.493000000000000000e+03
4.777000000000000000e+03
5.481000000000000000e+03
4.507000000000000000e+03
6.003000000000000000e+03
4.926000000000000000e+03
5.312000000000000000e+03
4.709000000000000000e+03
4.740000000000000000e+03
5.165000000000000000e+03
4.700000000000000000e+03
5.611000000000000000e+03
3.227000000000000000e+03
7.462000000000000000e+03
4.958000000000000000e+03
2.794000000000000000e+03
6.488000000000000000e+03
3.468000000000000000e+03
4.622000000000000000e+03
5.113000000000000000e+03
4.383000000000000000e+03
5.044000000000000000e+03
6.833000000000000000e+03
3.396000000000000000e+03
3.592000000000000000e+03
3.356000000000000000e+03
3.777000000000000000e+03
8.255000000000000000e+03
7.959000000000000000e+03
2.781000000000000000e+03
4.697000000000000000e+03
6.920000000000000000e+03
2.038000000000000000e+03
4.281000000000000000e+03
4.644000000000000000e+03
5.385000000000000000e+03
2.930000000000000000e+03
3.443000000000000000e+03
3.951000000000000000e+03
3.580000000000000000e+03
3.009000000000000000e+03
4.146000000000000000e+03
7.004000000000000000e+03
3.050000000000000000e+03
3.180000000000000000e+03
2.959000000000000000e+03
4.173000000000000000e+03
3.497000000000000000e+03
2.710000000000000000e+03
3.798000000000000000e+03
3.971000000000000000e+03
3.230000000000000000e+03
4.029000000000000000e+03
5.831000000000000000e+03
3.936000000000000000e+03
7.806000000000000000e+03
4.345000000000000000e+03
5.114000000000000000e+03
2.532000000000000000e+03
4.272000000000000000e+03
4.433000000000000000e+03
4.142000000000000000e+03
4.174000000000000000e+03
4.633000000000000000e+03
2.418000000000000000e+03
4.784000000000000000e+03
5.521000000000000000e+03
4.530000000000000000e+03
4.967000000000000000e+03
3.504000000000000000e+03
5.269000000000000000e+03
5.545000000000000000e+03
3.927000000000000000e+03
5.777000000000000000e+03
5.295000000000000000e+03
5.571000000000000000e+03
4.549000000000000000e+03
3.319000000000000000e+03
1.678000000000000000e+03
4.903000000000000000e+03
3.109000000000000000e+03
5.681000000000000000e+03
4.317000000000000000e+03
6.406000000000000000e+03
2.945000000000000000e+03
4.558000000000000000e+03
5.184000000000000000e+03
4.360000000000000000e+03
2.019000000000000000e+03
7.568000000000000000e+03
6.688000000000000000e+03
3.572000000000000000e+03
4.352000000000000000e+03
7.331000000000000000e+03
4.369000000000000000e+03
4.381000000000000000e+03
5.060000000000000000e+03
5.571000000000000000e+03
4.031000000000000000e+03
4.914000000000000000e+03
4.993000000000000000e+03
3.035000000000000000e+03
2.811000000000000000e+03
4.895000000000000000e+03
4.022000000000000000e+03
5.162000000000000000e+03
4.357000000000000000e+03
5.809000000000000000e+03
5.545000000000000000e+03
3.838000000000000000e+03
4.299000000000000000e+03
4.406000000000000000e+03
2.944000000000000000e+03
5.790000000000000000e+03
4.859000000000000000e+03
3.571000000000000000e+03
4.275000000000000000e+03
5.668000000000000000e+03
7.625000000000000000e+03
2.137000000000000000e+03
3.226000000000000000e+03
4.499000000000000000e+03
6.075000000000000000e+03
4.159000000000000000e+03
4.356000000000000000e+03
3.598000000000000000e+03
4.876000000000000000e+03
5.521000000000000000e+03
2.613000000000000000e+03
6.702000000000000000e+03
4.541000000000000000e+03
3.593000000000000000e+03
2.999000000000000000e+03
5.154000000000000000e+03
8.035000000000000000e+03
4.398000000000000000e+03
4.605000000000000000e+03
4.694000000000000000e+03
4.686000000000000000e+03
3.454000000000000000e+03
4.347000000000000000e+03
5.055000000000000000e+03
7.240000000000000000e+03
6.216000000000000000e+03
4.210000000000000000e+03
4.270000000000000000e+03
4.289000000000000000e+03
4.490000000000000000e+03
4.578000000000000000e+03
4.289000000000000000e+03
3.363000000000000000e+03
4.250000000000000000e+03
5.879000000000000000e+03
6.405000000000000000e+03
5.048000000000000000e+03
3.963000000000000000e+03
2.069000000000000000e+03
4.617000000000000000e+03
5.650000000000000000e+03
3.061000000000000000e+03
3.122000000000000000e+03
3.963000000000000000e+03
5.104000000000000000e+03
5.977000000000000000e+03
4.239000000000000000e+03
4.057000000000000000e+03
7.496000000000000000e+03
5.649000000000000000e+03
5.296000000000000000e+03
6.247000000000000000e+03
3.212000000000000000e+03
4.686000000000000000e+03
4.087000000000000000e+03
4.025000000000000000e+03
3.908000000000000000e+03
3.313000000000000000e+03
5.255000000000000000e+03
3.550000000000000000e+03
3.879000000000000000e+03
3.572000000000000000e+03
3.969000000000000000e+03
4.111000000000000000e+03
3.464000000000000000e+03
4.018000000000000000e+03
4.415000000000000000e+03
6.271000000000000000e+03
3.604000000000000000e+03
6.103000000000000000e+03
4.718000000000000000e+03
6.169000000000000000e+03
4.508000000000000000e+03
2.620000000000000000e+03
4.677000000000000000e+03
5.195000000000000000e+03
7.350000000000000000e+03
2.602000000000000000e+03
3.198000000000000000e+03
4.835000000000000000e+03
6.545000000000000000e+03
7.073000000000000000e+03
7.135000000000000000e+03
4.225000000000000000e+03
5.447000000000000000e+03
5.836000000000000000e+03
7.345000000000000000e+03
4.971000000000000000e+03
6.322000000000000000e+03
6.596000000000000000e+03
4.701000000000000000e+03
3.172000000000000000e+03
3.708000000000000000e+03
5.912000000000000000e+03
3.961000000000000000e+03
5.791000000000000000e+03
4.624000000000000000e+03
5.567000000000000000e+03
2.919000000000000000e+03
3.748000000000000000e+03
3.197000000000000000e+03
4.878000000000000000e+03
2.714000000000000000e+03
3.395000000000000000e+03
7.196000000000000000e+03
6.871000000000000000e+03
6.077000000000000000e+03
3.781000000000000000e+03
4.473000000000000000e+03
4.889000000000000000e+03
5.458000000000000000e+03
4.162000000000000000e+03
3.201000000000000000e+03
7.105000000000000000e+03
5.736000000000000000e+03
4.906000000000000000e+03
8.356000000000000000e+03
3.855000000000000000e+03
5.809000000000000000e+03
4.395000000000000000e+03
3.853000000000000000e+03
4.806000000000000000e+03
5.114000000000000000e+03
7.019000000000000000e+03
3.992000000000000000e+03
4.048000000000000000e+03
4.037000000000000000e+03
5.333000000000000000e+03
3.935000000000000000e+03
5.983000000000000000e+03
2.879000000000000000e+03
3.714000000000000000e+03
4.914000000000000000e+03
3.360000000000000000e+03
3.260000000000000000e+03
5.670000000000000000e+03
3.919000000000000000e+03
5.149000000000000000e+03
5.290000000000000000e+03
5.462000000000000000e+03
5.443000000000000000e+03
3.262000000000000000e+03
5.360000000000000000e+03
5.967000000000000000e+03
4.175000000000000000e+03
5.533000000000000000e+03
4.870000000000000000e+03
4.204000000000000000e+03
3.231000000000000000e+03
6.029000000000000000e+03
4.323000000000000000e+03
8.086000000000000000e+03
3.891000000000000000e+03
4.271000000000000000e+03
4.041000000000000000e+03
5.880000000000000000e+03
3.891000000000000000e+03
4.051000000000000000e+03
6.406000000000000000e+03
4.108000000000000000e+03
3.937000000000000000e+03
6.385000000000000000e+03
2.606000000000000000e+03
6.049000000000000000e+03
4.154000000000000000e+03
4.591000000000000000e+03
4.682000000000000000e+03
4.976000000000000000e+03
5.131000000000000000e+03
3.420000000000000000e+03
6.943000000000000000e+03
3.802000000000000000e+03
4.405000000000000000e+03
3.306000000000000000e+03
4.491000000000000000e+03
4.750000000000000000e+03
4.369000000000000000e+03
2.224000000000000000e+03
6.046000000000000000e+03
4.972000000000000000e+03
8.371000000000000000e+03
4.709000000000000000e+03
3.985000000000000000e+03
5.189000000000000000e+03
7.401000000000000000e+03
3.991000000000000000e+03
8.387000000000000000e+03
4.358000000000000000e+03
4.367000000000000000e+03
5.448000000000000000e+03
9.385000000000000000e+03
5.364000000000000000e+03
4.504000000000000000e+03
5.461000000000000000e+03
7.782000000000000000e+03
3.355000000000000000e+03
4.241000000000000000e+03
6.582000000000000000e+03
6.036000000000000000e+03
4.588000000000000000e+03
5.943000000000000000e+03
4.554000000000000000e+03
3.659000000000000000e+03
4.874000000000000000e+03
5.547000000000000000e+03
4.557000000000000000e+03
5.733000000000000000e+03
5.433000000000000000e+03
5.097000000000000000e+03
4.967000000000000000e+03
3.023000000000000000e+03
3.567000000000000000e+03
5.288000000000000000e+03
3.697000000000000000e+03
7.047000000000000000e+03
4.522000000000000000e+03
6.099000000000000000e+03
4.312000000000000000e+03
4.149000000000000000e+03
4.206000000000000000e+03
6.398000000000000000e+03
6.420000000000000000e+03
2.953000000000000000e+03
2.728000000000000000e+03
2.996000000000000000e+03
5.215000000000000000e+03
4.444000000000000000e+03
6.228000000000000000e+03
4.399000000000000000e+03
2.932000000000000000e+03
4.077000000000000000e+03
3.394000000000000000e+03
6.315000000000000000e+03
4.345000000000000000e+03
3.779000000000000000e+03
3.684000000000000000e+03
4.521000000000000000e+03
3.052000000000000000e+03
5.015000000000000000e+03
6.125000000000000000e+03
4.849000000000000000e+03
6.800000000000000000e+03
7.008000000000000000e+03
4.972000000000000000e+03
4.895000000000000000e+03
3.448000000000000000e+03
6.434000000000000000e+03
3.607000000000000000e+03
6.033000000000000000e+03
3.425000000000000000e+03
4.585000000000000000e+03
2.773000000000000000e+03
3.892000000000000000e+03
4.237000000000000000e+03
7.961000000000000000e+03
2.863000000000000000e+03
4.985000000000000000e+03
5.077000000000000000e+03
3.128000000000000000e+03
3.633000000000000000e+03
5.751000000000000000e+03
8.903000000000000000e+03
3.244000000000000000e+03
4.528000000000000000e+03
4.475000000000000000e+03
7.122000000000000000e+03
4.341000000000000000e+03
4.547000000000000000e+03
3.166000000000000000e+03
4.550000000000000000e+03
3.107000000000000000e+03
6.869000000000000000e+03
5.340000000000000000e+03
5.601000000000000000e+03
7.906000000000000000e+03
4.817000000000000000e+03
4.293000000000000000e+03
4.632000000000000000e+03
4.372000000000000000e+03
2.737000000000000000e+03
4.896000000000000000e+03
5.996000000000000000e+03
4.455000000000000000e+03
4.513000000000000000e+03
3.540000000000000000e+03
6.151000000000000000e+03
4.363000000000000000e+03
7.324000000000000000e+03
5.080000000000000000e+03
4.672000000000000000e+03
2.685000000000000000e+03
4.509000000000000000e+03
5.028000000000000000e+03
3.931000000000000000e+03
3.075000000000000000e+03
2.758000000000000000e+03
8.108000000000000000e+03
3.624000000000000000e+03
4.294000000000000000e+03
3.590000000000000000e+03
7.540000000000000000e+03
3.982000000000000000e+03
4.254000000000000000e+03
6.008000000000000000e+03
7.830000000000000000e+03
4.446000000000000000e+03
5.222000000000000000e+03
3.361000000000000000e+03
6.087000000000000000e+03
4.191000000000000000e+03
3.134000000000000000e+03
3.128000000000000000e+03
4.508000000000000000e+03
5.466000000000000000e+03
5.100000000000000000e+03
4.773000000000000000e+03
6.598000000000000000e+03
4.032000000000000000e+03
5.644000000000000000e+03
4.773000000000000000e+03
5.768000000000000000e+03
6.674000000000000000e+03
6.422000000000000000e+03
2.662000000000000000e+03
6.312000000000000000e+03
6.228000000000000000e+03
3.391000000000000000e+03
4.688000000000000000e+03
5.814000000000000000e+03
7.423000000000000000e+03
5.522000000000000000e+03
6.383000000000000000e+03
6.131000000000000000e+03
3.894000000000000000e+03
3.207000000000000000e+03
4.217000000000000000e+03
4.458000000000000000e+03
5.914000000000000000e+03
5.597000000000000000e+03
4.491000000000000000e+03
3.235000000000000000e+03
3.973000000000000000e+03
5.083000000000000000e+03
1.036400000000000000e+04
7.415000000000000000e+03
3.981000000000000000e+03
5.501000000000000000e+03
5.209000000000000000e+03
4.362000000000000000e+03
4.404000000000000000e+03
3.536000000000000000e+03
7.500000000000000000e+03
7.947000000000000000e+03
6.681000000000000000e+03
2.814000000000000000e+03
3.739000000000000000e+03
9.323000000000000000e+03
4.805000000000000000e+03
7.128000000000000000e+03
4.996000000000000000e+03
6.989000000000000000e+03
4.872000000000000000e+03
5.055000000000000000e+03
2.825000000000000000e+03
2.735000000000000000e+03
4.879000000000000000e+03
3.816000000000000000e+03
6.251000000000000000e+03
5.237000000000000000e+03
5.366000000000000000e+03
5.811000000000000000e+03
3.488000000000000000e+03
5.643000000000000000e+03
6.428000000000000000e+03
2.681000000000000000e+03
5.881000000000000000e+03
2.565000000000000000e+03
5.094000000000000000e+03
2.153000000000000000e+03
6.719000000000000000e+03
3.531000000000000000e+03
3.421000000000000000e+03
3.217000000000000000e+03
7.159000000000000000e+03
9.433000000000000000e+03
5.124000000000000000e+03
4.664000000000000000e+03
4.780000000000000000e+03
4.399000000000000000e+03
4.101000000000000000e+03
4.769000000000000000e+03
7.342000000000000000e+03
5.895000000000000000e+03
6.222000000000000000e+03
8.436000000000000000e+03
5.588000000000000000e+03
3.175000000000000000e+03
3.666000000000000000e+03
2.271000000000000000e+03
2.236000000000000000e+03
3.294000000000000000e+03
4.927000000000000000e+03
3.124000000000000000e+03
4.078000000000000000e+03
3.084000000000000000e+03
4.512000000000000000e+03
5.971000000000000000e+03
4.345000000000000000e+03
3.190000000000000000e+03
5.252000000000000000e+03
5.348000000000000000e+03
6.724000000000000000e+03
6.545000000000000000e+03
5.636000000000000000e+03
5.458000000000000000e+03
3.690000000000000000e+03
2.627000000000000000e+03
5.869000000000000000e+03
8.193000000000000000e+03
4.032000000000000000e+03
5.496000000000000000e+03
3.529000000000000000e+03
5.610000000000000000e+03
3.455000000000000000e+03
4.157000000000000000e+03
4.399000000000000000e+03
6.990000000000000000e+03
7.982000000000000000e+03
3.418000000000000000e+03
6.053000000000000000e+03
4.772000000000000000e+03
7.688000000000000000e+03
6.358000000000000000e+03
5.504000000000000000e+03
2.875000000000000000e+03
6.517000000000000000e+03
6.749000000000000000e+03
3.756000000000000000e+03
7.088000000000000000e+03
6.948000000000000000e+03
5.583000000000000000e+03
6.627000000000000000e+03
6.082000000000000000e+03
4.244000000000000000e+03
4.780000000000000000e+03
5.956000000000000000e+03
5.566000000000000000e+03
6.451000000000000000e+03
4.560000000000000000e+03
4.029000000000000000e+03
4.313000000000000000e+03
5.184000000000000000e+03
2.946000000000000000e+03
3.632000000000000000e+03
3.200000000000000000e+03
3.585000000000000000e+03
3.850000000000000000e+03
6.361000000000000000e+03
7.167000000000000000e+03
3.651000000000000000e+03
7.204000000000000000e+03
4.372000000000000000e+03
3.754000000000000000e+03
5.020000000000000000e+03
4.418000000000000000e+03
2.875000000000000000e+03
6.388000000000000000e+03
6.749000000000000000e+03
7.041000000000000000e+03
3.229000000000000000e+03
4.916000000000000000e+03
4.754000000000000000e+03
4.876000000000000000e+03
7.805000000000000000e+03
6.572000000000000000e+03
6.122000000000000000e+03
7.044000000000000000e+03
4.144000000000000000e+03
2.080000000000000000e+03
5.880000000000000000e+03
3.657000000000000000e+03
4.656000000000000000e+03
3.115000000000000000e+03
4.741000000000000000e+03
3.485000000000000000e+03
5.222000000000000000e+03
3.086000000000000000e+03
4.147000000000000000e+03
5.516000000000000000e+03
6.555000000000000000e+03
5.576000000000000000e+03
4.918000000000000000e+03
3.646000000000000000e+03
5.081000000000000000e+03
2.896000000000000000e+03
3.000000000000000000e+03
4.983000000000000000e+03
7.106000000000000000e+03
4.700000000000000000e+03
3.680000000000000000e+03
4.436000000000000000e+03
3.285000000000000000e+03
4.389000000000000000e+03
7.288000000000000000e+03
4.119000000000000000e+03
4.126000000000000000e+03
4.506000000000000000e+03
6.450000000000000000e+03
6.174000000000000000e+03
6.322000000000000000e+03
4.136000000000000000e+03
6.279000000000000000e+03
4.533000000000000000e+03
4.004000000000000000e+03
3.491000000000000000e+03
5.678000000000000000e+03
5.934000000000000000e+03
4.478000000000000000e+03
3.959000000000000000e+03
3.870000000000000000e+03
3.974000000000000000e+03
7.735000000000000000e+03
3.802000000000000000e+03
3.842000000000000000e+03
3.049000000000000000e+03
2.507000000000000000e+03
4.331000000000000000e+03
4.020000000000000000e+03
2.967000000000000000e+03
6.089000000000000000e+03
4.624000000000000000e+03
5.199000000000000000e+03
4.875000000000000000e+03
4.908000000000000000e+03
4.592000000000000000e+03
4.097000000000000000e+03
4.955000000000000000e+03
4.191000000000000000e+03
5.574000000000000000e+03
3.778000000000000000e+03
5.445000000000000000e+03
5.512000000000000000e+03
8.292000000000000000e+03
4.208000000000000000e+03
5.589000000000000000e+03
5.313000000000000000e+03
3.992000000000000000e+03
3.878000000000000000e+03
5.911000000000000000e+03
5.086000000000000000e+03
4.148000000000000000e+03
6.820000000000000000e+03
5.118000000000000000e+03
4.330000000000000000e+03
4.176000000000000000e+03
2.104000000000000000e+03
3.690000000000000000e+03
5.262000000000000000e+03
3.593000000000000000e+03
