7.237000000000000000e+03
5.124000000000000000e+03
4.245000000000000000e+03
5.342000000000000000e+03
4.238000000000000000e+03
5.583000000000000000e+03
5.465000000000000000e+03
4.238000000000000000e+03
4.274000000000000000e+03
6.349000000000000000e+03
4.223000000000000000e+03
4.959000000000000000e+03
5.647000000000000000e+03
4.945000000000000000e+03
5.332000000000000000e+03
3.254000000000000000e+03
6.285000000000000000e+03
4.411000000000000000e+03
4.981000000000000000e+03
4.614000000000000000e+03
5.137000000000000000e+03
6.346000000000000000e+03
4.735000000000000000e+03
5.260000000000000000e+03
3.529000000000000000e+03
4.264000000000000000e+03
5.467000000000000000e+03
4.007000000000000000e+03
5.717000000000000000e+03
6.090000000000000000e+03
3.968000000000000000e+03
3.135000000000000000e+03
4.576000000000000000e+03
4.661000000000000000e+03
3.757000000000000000e+03
4.059000000000000000e+03
5.317000000000000000e+03
3.335000000000000000e+03
3.763000000000000000e+03
4.733000000000000000e+03
6.105000000000000000e+03
3.975000000000000000e+03
4.516000000000000000e+03
4.431000000000000000e+03
3.262000000000000000e+03
5.708000000000000000e+03
4.630000000000000000e+03
5.879000000000000000e+03
4.226000000000000000e+03
6.020000000000000000e+03
5.179000000000000000e+03
4.275000000000000000e+03
4.936000000000000000e+03
4.147000000000000000e+03
4.723000000000000000e+03
5.418000000000000000e+03
4.240000000000000000e+03
3.844000000000000000e+03
6.121000000000000000e+03
4.079000000000000000e+03
5.126000000000000000e+03
5.329000000000000000e+03
8.162000000000000000e+03
6.820000000000000000e+03
5.013000000000000000e+03
6.501000000000000000e+03
4.443000000000000000e+03
3.805000000000000000e+03
5.753000000000000000e+03
5.371000000000000000e+03
4.442000000000000000e+03
6.049000000000000000e+03
5.326000000000000000e+03
4.874000000000000000e+03
6.406000000000000000e+03
4.367000000000000000e+03
4.561000000000000000e+03
6.396000000000000000e+03
3.979000000000000000e+03
5.055000000000000000e+03
5.565000000000000000e+03
5.689000000000000000e+03
6.202000000000000000e+03
4.096000000000000000e+03
4.057000000000000000e+03
5.664000000000000000e+03
7.209000000000000000e+03
6.373000000000000000e+03
5.343000000000000000e+03
4.379000000000000000e+03
4.460000000000000000e+03
6.392000000000000000e+03
4.435000000000000000e+03
4.006000000000000000e+03
4.301000000000000000e+03
7.332000000000000000e+03
5.105000000000000000e+03
5.524000000000000000e+03
5.567000000000000000e+03
6.195000000000000000e+03
7.078000000000000000e+03
4.947000000000000000e+03
4.981000000000000000e+03
4.279000000000000000e+03
3.558000000000000000e+03
3.790000000000000000e+03
3.640000000000000000e+03
5.061000000000000000e+03
5.675000000000000000e+03
5.227000000000000000e+03
5.279000000000000000e+03
4.588000000000000000e+03
4.167000000000000000e+03
4.146000000000000000e+03
5.760000000000000000e+03
4.836000000000000000e+03
4.582000000000000000e+03
6.047000000000000000e+03
3.710000000000000000e+03
5.728000000000000000e+03
5.560000000000000000e+03
3.700000000000000000e+03
5.811000000000000000e+03
3.962000000000000000e+03
3.833000000000000000e+03
6.862000000000000000e+03
5.339000000000000000e+03
4.752000000000000000e+03
4.099000000000000000e+03
4.430000000000000000e+03
4.615000000000000000e+03
4.747000000000000000e+03
6.718000000000000000e+03
6.215000000000000000e+03
4.263000000000000000e+03
5.286000000000000000e+03
5.294000000000000000e+03
4.052000000000000000e+03
4.750000000000000000e+03
5.191000000000000000e+03
4.905000000000000000e+03
5.837000000000000000e+03
4.434000000000000000e+03
4.909000000000000000e+03
9.277000000000000000e+03
4.804000000000000000e+03
5.685000000000000000e+03
3.875000000000000000e+03
4.749000000000000000e+03
4.208000000000000000e+03
4.319000000000000000e+03
6.017000000000000000e+03
3.851000000000000000e+03
4.812000000000000000e+03
4.140000000000000000e+03
5.394000000000000000e+03
6.266000000000000000e+03
4.968000000000000000e+03
3.337000000000000000e+03
4.700000000000000000e+03
4.789000000000000000e+03
4.727000000000000000e+03
4.451000000000000000e+03
4.796000000000000000e+03
4.976000000000000000e+03
3.907000000000000000e+03
5.470000000000000000e+03
5.646000000000000000e+03
6.546000000000000000e+03
5.583000000000000000e+03
4.229000000000000000e+03
6.464000000000000000e+03
4.189000000000000000e+03
6.726000000000000000e+03
5.557000000000000000e+03
5.359000000000000000e+03
3.883000000000000000e+03
4.894000000000000000e+03
2.917000000000000000e+03
5.199000000000000000e+03
5.717000000000000000e+03
4.673000000000000000e+03
5.344000000000000000e+03
4.534000000000000000e+03
4.912000000000000000e+03
5.718000000000000000e+03
6.152000000000000000e+03
3.826000000000000000e+03
7.313000000000000000e+03
4.342000000000000000e+03
4.744000000000000000e+03
5.591000000000000000e+03
5.133000000000000000e+03
5.073000000000000000e+03
3.841000000000000000e+03
3.599000000000000000e+03
5.029000000000000000e+03
4.596000000000000000e+03
5.736000000000000000e+03
5.158000000000000000e+03
3.496000000000000000e+03
6.119000000000000000e+03
3.798000000000000000e+03
5.889000000000000000e+03
5.633000000000000000e+03
3.569000000000000000e+03
4.359000000000000000e+03
5.075000000000000000e+03
5.952000000000000000e+03
5.653000000000000000e+03
3.993000000000000000e+03
4.076000000000000000e+03
3.689000000000000000e+03
4.997000000000000000e+03
5.409000000000000000e+03
5.618000000000000000e+03
5.613000000000000000e+03
4.706000000000000000e+03
4.067000000000000000e+03
5.992000000000000000e+03
2.883000000000000000e+03
5.480000000000000000e+03
4.875000000000000000e+03
5.650000000000000000e+03
3.972000000000000000e+03
4.591000000000000000e+03
3.751000000000000000e+03
4.542000000000000000e+03
5.176000000000000000e+03
3.671000000000000000e+03
6.441000000000000000e+03
6.142000000000000000e+03
3.300000000000000000e+03
3.037000000000000000e+03
4.391000000000000000e+03
3.880000000000000000e+03
6.437000000000000000e+03
5.021000000000000000e+03
6.259000000000000000e+03
5.376000000000000000e+03
4.375000000000000000e+03
5.750000000000000000e+03
5.836000000000000000e+03
3.743000000000000000e+03
4.962000000000000000e+03
4.773000000000000000e+03
4.066000000000000000e+03
4.874000000000000000e+03
3.254000000000000000e+03
4.077000000000000000e+03
6.066000000000000000e+03
4.404000000000000000e+03
5.137000000000000000e+03
3.756000000000000000e+03
3.763000000000000000e+03
5.387000000000000000e+03
6.626000000000000000e+03
5.033000000000000000e+03
4.458000000000000000e+03
6.229000000000000000e+03
5.036000000000000000e+03
3.645000000000000000e+03
4.872000000000000000e+03
4.508000000000000000e+03
4.977000000000000000e+03
4.149000000000000000e+03
3.797000000000000000e+03
7.012000000000000000e+03
4.321000000000000000e+03
3.029000000000000000e+03
5.078000000000000000e+03
4.901000000000000000e+03
5.991000000000000000e+03
4.437000000000000000e+03
5.728000000000000000e+03
5.118000000000000000e+03
6.439000000000000000e+03
4.712000000000000000e+03
4.459000000000000000e+03
4.498000000000000000e+03
5.253000000000000000e+03
5.039000000000000000e+03
4.059000000000000000e+03
4.723000000000000000e+03
4.651000000000000000e+03
4.684000000000000000e+03
7.109000000000000000e+03
3.231000000000000000e+03
7.135000000000000000e+03
4.686000000000000000e+03
4.416000000000000000e+03
7.705000000000000000e+03
4.880000000000000000e+03
4.844000000000000000e+03
6.393000000000000000e+03
5.135000000000000000e+03
3.146000000000000000e+03
3.766000000000000000e+03
6.894000000000000000e+03
5.075000000000000000e+03
4.169000000000000000e+03
5.196000000000000000e+03
6.303000000000000000e+03
7.262000000000000000e+03
4.325000000000000000e+03
3.823000000000000000e+03
4.136000000000000000e+03
4.498000000000000000e+03
4.947000000000000000e+03
6.745000000000000000e+03
5.033000000000000000e+03
2.159000000000000000e+03
4.501000000000000000e+03
5.894000000000000000e+03
4.212000000000000000e+03
5.622000000000000000e+03
5.245000000000000000e+03
5.372000000000000000e+03
5.009000000000000000e+03
5.801000000000000000e+03
4.058000000000000000e+03
5.340000000000000000e+03
5.969000000000000000e+03
3.633000000000000000e+03
4.868000000000000000e+03
4.956000000000000000e+03
4.307000000000000000e+03
7.161000000000000000e+03
5.073000000000000000e+03
3.442000000000000000e+03
4.181000000000000000e+03
5.687000000000000000e+03
4.304000000000000000e+03
5.753000000000000000e+03
5.549000000000000000e+03
3.876000000000000000e+03
5.188000000000000000e+03
5.284000000000000000e+03
4.451000000000000000e+03
6.373000000000000000e+03
3.916000000000000000e+03
3.300000000000000000e+03
4.764000000000000000e+03
3.797000000000000000e+03
5.641000000000000000e+03
3.648000000000000000e+03
4.440000000000000000e+03
5.525000000000000000e+03
5.229000000000000000e+03
4.697000000000000000e+03
4.425000000000000000e+03
4.893000000000000000e+03
4.823000000000000000e+03
4.990000000000000000e+03
5.555000000000000000e+03
3.836000000000000000e+03
5.562000000000000000e+03
4.595000000000000000e+03
3.892000000000000000e+03
5.142000000000000000e+03
5.798000000000000000e+03
4.580000000000000000e+03
3.688000000000000000e+03
5.817000000000000000e+03
5.339000000000000000e+03
6.744000000000000000e+03
5.736000000000000000e+03
5.429000000000000000e+03
4.958000000000000000e+03
4.857000000000000000e+03
5.577000000000000000e+03
5.319000000000000000e+03
6.024000000000000000e+03
3.726000000000000000e+03
5.917000000000000000e+03
3.263000000000000000e+03
6.052000000000000000e+03
4.965000000000000000e+03
3.538000000000000000e+03
4.517000000000000000e+03
5.982000000000000000e+03
6.839000000000000000e+03
3.285000000000000000e+03
5.777000000000000000e+03
7.474000000000000000e+03
5.960000000000000000e+03
4.821000000000000000e+03
4.894000000000000000e+03
5.760000000000000000e+03
4.177000000000000000e+03
6.201000000000000000e+03
5.808000000000000000e+03
4.574000000000000000e+03
5.620000000000000000e+03
4.170000000000000000e+03
5.793000000000000000e+03
3.913000000000000000e+03
6.225000000000000000e+03
5.224000000000000000e+03
6.031000000000000000e+03
5.548000000000000000e+03
3.900000000000000000e+03
5.145000000000000000e+03
3.467000000000000000e+03
3.886000000000000000e+03
6.149000000000000000e+03
5.589000000000000000e+03
7.196000000000000000e+03
6.782000000000000000e+03
4.352000000000000000e+03
4.713000000000000000e+03
4.540000000000000000e+03
7.015000000000000000e+03
6.632000000000000000e+03
3.016000000000000000e+03
5.463000000000000000e+03
5.193000000000000000e+03
5.255000000000000000e+03
4.988000000000000000e+03
4.396000000000000000e+03
5.264000000000000000e+03
5.670000000000000000e+03
3.949000000000000000e+03
4.310000000000000000e+03
4.075000000000000000e+03
4.947000000000000000e+03
5.228000000000000000e+03
5.155000000000000000e+03
4.504000000000000000e+03
3.933000000000000000e+03
4.699000000000000000e+03
5.138000000000000000e+03
5.030000000000000000e+03
4.665000000000000000e+03
5.169000000000000000e+03
5.566000000000000000e+03
3.979000000000000000e+03
4.176000000000000000e+03
5.594000000000000000e+03
4.585000000000000000e+03
5.231000000000000000e+03
4.524000000000000000e+03
3.596000000000000000e+03
4.250000000000000000e+03
3.968000000000000000e+03
5.635000000000000000e+03
4.778000000000000000e+03
5.414000000000000000e+03
3.875000000000000000e+03
4.734000000000000000e+03
3.206000000000000000e+03
3.325000000000000000e+03
4.563000000000000000e+03
5.082000000000000000e+03
4.335000000000000000e+03
4.924000000000000000e+03
6.610000000000000000e+03
4.865000000000000000e+03
5.600000000000000000e+03
4.314000000000000000e+03
4.869000000000000000e+03
2.868000000000000000e+03
4.692000000000000000e+03
4.302000000000000000e+03
4.858000000000000000e+03
5.428000000000000000e+03
3.745000000000000000e+03
6.113000000000000000e+03
5.024000000000000000e+03
4.258000000000000000e+03
4.702000000000000000e+03
6.506000000000000000e+03
5.978000000000000000e+03
3.053000000000000000e+03
5.714000000000000000e+03
2.439000000000000000e+03
5.247000000000000000e+03
4.447000000000000000e+03
4.216000000000000000e+03
3.480000000000000000e+03
5.223000000000000000e+03
5.378000000000000000e+03
4.362000000000000000e+03
2.482000000000000000e+03
5.461000000000000000e+03
6.283000000000000000e+03
4.923000000000000000e+03
4.882000000000000000e+03
3.839000000000000000e+03
4.829000000000000000e+03
4.788000000000000000e+03
5.454000000000000000e+03
5.405000000000000000e+03
5.468000000000000000e+03
4.159000000000000000e+03
4.735000000000000000e+03
4.838000000000000000e+03
5.202000000000000000e+03
5.580000000000000000e+03
3.545000000000000000e+03
6.490000000000000000e+03
7.480000000000000000e+03
4.772000000000000000e+03
3.989000000000000000e+03
4.799000000000000000e+03
5.984000000000000000e+03
5.470000000000000000e+03
7.330000000000000000e+03
7.188000000000000000e+03
4.133000000000000000e+03
3.581000000000000000e+03
4.971000000000000000e+03
3.213000000000000000e+03
3.672000000000000000e+03
5.844000000000000000e+03
4.901000000000000000e+03
5.450000000000000000e+03
4.613000000000000000e+03
5.941000000000000000e+03
4.827000000000000000e+03
3.016000000000000000e+03
5.347000000000000000e+03
4.372000000000000000e+03
5.818000000000000000e+03
4.929000000000000000e+03
3.996000000000000000e+03
6.412000000000000000e+03
4.166000000000000000e+03
4.334000000000000000e+03
5.755000000000000000e+03
5.376000000000000000e+03
5.794000000000000000e+03
4.234000000000000000e+03
4.635000000000000000e+03
3.993000000000000000e+03
5.124000000000000000e+03
3.143000000000000000e+03
6.309000000000000000e+03
4.708000000000000000e+03
5.436000000000000000e+03
3.338000000000000000e+03
5.156000000000000000e+03
3.759000000000000000e+03
4.854000000000000000e+03
5.318000000000000000e+03
5.413000000000000000e+03
5.064000000000000000e+03
5.157000000000000000e+03
2.897000000000000000e+03
4.308000000000000000e+03
6.291000000000000000e+03
5.083000000000000000e+03
4.030000000000000000e+03
5.511000000000000000e+03
4.792000000000000000e+03
5.617000000000000000e+03
3.971000000000000000e+03
4.145000000000000000e+03
5.310000000000000000e+03
4.003000000000000000e+03
2.726000000000000000e+03
4.565000000000000000e+03
4.627000000000000000e+03
5.251000000000000000e+03
4.102000000000000000e+03
3.817000000000000000e+03
4.851000000000000000e+03
5.513000000000000000e+03
6.180000000000000000e+03
4.527000000000000000e+03
4.064000000000000000e+03
3.577000000000000000e+03
5.661000000000000000e+03
6.696000000000000000e+03
5.296000000000000000e+03
4.717000000000000000e+03
3.113000000000000000e+03
5.139000000000000000e+03
4.886000000000000000e+03
5.351000000000000000e+03
4.402000000000000000e+03
4.594000000000000000e+03
4.357000000000000000e+03
5.484000000000000000e+03
3.203000000000000000e+03
3.319000000000000000e+03
3.466000000000000000e+03
5.030000000000000000e+03
3.891000000000000000e+03
4.731000000000000000e+03
4.615000000000000000e+03
4.492000000000000000e+03
6.179000000000000000e+03
4.772000000000000000e+03
3.940000000000000000e+03
3.698000000000000000e+03
5.055000000000000000e+03
3.870000000000000000e+03
4.876000000000000000e+03
4.442000000000000000e+03
4.338000000000000000e+03
5.983000000000000000e+03
5.224000000000000000e+03
3.859000000000000000e+03
4.449000000000000000e+03
4.889000000000000000e+03
5.653000000000000000e+03
4.409000000000000000e+03
4.061000000000000000e+03
3.618000000000000000e+03
4.129000000000000000e+03
5.336000000000000000e+03
4.432000000000000000e+03
6.054000000000000000e+03
4.657000000000000000e+03
3.251000000000000000e+03
3.534000000000000000e+03
3.921000000000000000e+03
5.500000000000000000e+03
5.160000000000000000e+03
3.915000000000000000e+03
5.168000000000000000e+03
6.148000000000000000e+03
4.565000000000000000e+03
2.395000000000000000e+03
3.315000000000000000e+03
3.834000000000000000e+03
3.948000000000000000e+03
4.435000000000000000e+03
4.560000000000000000e+03
5.032000000000000000e+03
4.554000000000000000e+03
5.415000000000000000e+03
6.880000000000000000e+03
5.049000000000000000e+03
5.780000000000000000e+03
3.856000000000000000e+03
4.134000000000000000e+03
3.061000000000000000e+03
4.062000000000000000e+03
4.589000000000000000e+03
4.982000000000000000e+03
4.362000000000000000e+03
4.285000000000000000e+03
5.136000000000000000e+03
5.721000000000000000e+03
4.086000000000000000e+03
5.036000000000000000e+03
4.067000000000000000e+03
4.047000000000000000e+03
4.000000000000000000e+03
4.301000000000000000e+03
3.122000000000000000e+03
4.884000000000000000e+03
4.957000000000000000e+03
5.505000000000000000e+03
5.044000000000000000e+03
4.286000000000000000e+03
4.264000000000000000e+03
2.500000000000000000e+03
4.714000000000000000e+03
5.566000000000000000e+03
4.360000000000000000e+03
6.853000000000000000e+03
5.066000000000000000e+03
3.510000000000000000e+03
3.747000000000000000e+03
5.268000000000000000e+03
3.997000000000000000e+03
5.146000000000000000e+03
2.936000000000000000e+03
4.405000000000000000e+03
5.435000000000000000e+03
3.479000000000000000e+03
4.733000000000000000e+03
3.788000000000000000e+03
5.621000000000000000e+03
4.646000000000000000e+03
6.131000000000000000e+03
3.718000000000000000e+03
5.229000000000000000e+03
4.819000000000000000e+03
3.512000000000000000e+03
3.145000000000000000e+03
5.584000000000000000e+03
5.278000000000000000e+03
5.489000000000000000e+03
5.210000000000000000e+03
7.808000000000000000e+03
4.176000000000000000e+03
6.284000000000000000e+03
5.158000000000000000e+03
5.310000000000000000e+03
4.914000000000000000e+03
4.446000000000000000e+03
4.853000000000000000e+03
5.092000000000000000e+03
3.255000000000000000e+03
3.596000000000000000e+03
4.877000000000000000e+03
4.866000000000000000e+03
4.623000000000000000e+03
2.846000000000000000e+03
4.812000000000000000e+03
4.802000000000000000e+03
3.626000000000000000e+03
5.989000000000000000e+03
4.599000000000000000e+03
5.172000000000000000e+03
3.916000000000000000e+03
6.218000000000000000e+03
4.887000000000000000e+03
5.168000000000000000e+03
3.228000000000000000e+03
6.328000000000000000e+03
5.669000000000000000e+03
4.688000000000000000e+03
5.088000000000000000e+03
3.432000000000000000e+03
5.084000000000000000e+03
4.076000000000000000e+03
4.773000000000000000e+03
5.588000000000000000e+03
4.499000000000000000e+03
5.891000000000000000e+03
5.337000000000000000e+03
6.312000000000000000e+03
4.740000000000000000e+03
5.227000000000000000e+03
4.202000000000000000e+03
6.488000000000000000e+03
2.620000000000000000e+03
5.652000000000000000e+03
3.396000000000000000e+03
5.814000000000000000e+03
5.856000000000000000e+03
4.032000000000000000e+03
5.898000000000000000e+03
4.088000000000000000e+03
5.582000000000000000e+03
6.985000000000000000e+03
6.750000000000000000e+03
5.614000000000000000e+03
4.361000000000000000e+03
3.765000000000000000e+03
2.620000000000000000e+03
6.354000000000000000e+03
6.022000000000000000e+03
2.751000000000000000e+03
3.291000000000000000e+03
4.785000000000000000e+03
3.974000000000000000e+03
5.060000000000000000e+03
3.193000000000000000e+03
3.029000000000000000e+03
3.740000000000000000e+03
4.751000000000000000e+03
3.615000000000000000e+03
8.012000000000000000e+03
5.111000000000000000e+03
3.473000000000000000e+03
4.582000000000000000e+03
6.108000000000000000e+03
6.066000000000000000e+03
3.013000000000000000e+03
4.210000000000000000e+03
6.075000000000000000e+03
6.152000000000000000e+03
4.169000000000000000e+03
6.264000000000000000e+03
4.097000000000000000e+03
5.203000000000000000e+03
4.780000000000000000e+03
4.807000000000000000e+03
5.379000000000000000e+03
5.009000000000000000e+03
7.749000000000000000e+03
4.004000000000000000e+03
6.042000000000000000e+03
3.728000000000000000e+03
5.545000000000000000e+03
4.958000000000000000e+03
4.874000000000000000e+03
5.599000000000000000e+03
2.286000000000000000e+03
5.246000000000000000e+03
4.602000000000000000e+03
5.174000000000000000e+03
4.863000000000000000e+03
3.154000000000000000e+03
3.444000000000000000e+03
5.639000000000000000e+03
4.157000000000000000e+03
4.442000000000000000e+03
5.936000000000000000e+03
4.630000000000000000e+03
3.722000000000000000e+03
6.206000000000000000e+03
5.140000000000000000e+03
4.847000000000000000e+03
3.854000000000000000e+03
6.174000000000000000e+03
5.346000000000000000e+03
4.379000000000000000e+03
5.876000000000000000e+03
4.436000000000000000e+03
5.811000000000000000e+03
4.940000000000000000e+03
4.096000000000000000e+03
4.884000000000000000e+03
7.150000000000000000e+03
4.035000000000000000e+03
6.651000000000000000e+03
3.210000000000000000e+03
4.552000000000000000e+03
3.638000000000000000e+03
5.471000000000000000e+03
6.073000000000000000e+03
3.621000000000000000e+03
3.488000000000000000e+03
4.289000000000000000e+03
5.326000000000000000e+03
4.528000000000000000e+03
3.460000000000000000e+03
4.767000000000000000e+03
4.574000000000000000e+03
4.943000000000000000e+03
5.393000000000000000e+03
5.746000000000000000e+03
3.855000000000000000e+03
4.304000000000000000e+03
4.399000000000000000e+03
4.692000000000000000e+03
4.451000000000000000e+03
3.516000000000000000e+03
5.457000000000000000e+03
4.004000000000000000e+03
4.635000000000000000e+03
5.556000000000000000e+03
5.601000000000000000e+03
4.036000000000000000e+03
4.117000000000000000e+03
3.940000000000000000e+03
4.782000000000000000e+03
5.130000000000000000e+03
4.521000000000000000e+03
4.938000000000000000e+03
3.890000000000000000e+03
5.617000000000000000e+03
4.294000000000000000e+03
3.876000000000000000e+03
4.638000000000000000e+03
5.825000000000000000e+03
4.384000000000000000e+03
4.242000000000000000e+03
6.380000000000000000e+03
6.519000000000000000e+03
5.344000000000000000e+03
6.171000000000000000e+03
4.755000000000000000e+03
4.003000000000000000e+03
5.181000000000000000e+03
6.249000000000000000e+03
4.599000000000000000e+03
5.177000000000000000e+03
4.663000000000000000e+03
6.009000000000000000e+03
6.247000000000000000e+03
6.638000000000000000e+03
5.022000000000000000e+03
4.012000000000000000e+03
4.430000000000000000e+03
5.021000000000000000e+03
4.478000000000000000e+03
4.310000000000000000e+03
4.833000000000000000e+03
4.391000000000000000e+03
3.835000000000000000e+03
3.125000000000000000e+03
4.788000000000000000e+03
7.287000000000000000e+03
3.906000000000000000e+03
4.972000000000000000e+03
6.799000000000000000e+03
4.895000000000000000e+03
3.911000000000000000e+03
5.058000000000000000e+03
3.845000000000000000e+03
3.890000000000000000e+03
4.793000000000000000e+03
3.226000000000000000e+03
4.672000000000000000e+03
3.690000000000000000e+03
7.537000000000000000e+03
3.881000000000000000e+03
6.480000000000000000e+03
5.621000000000000000e+03
5.391000000000000000e+03
3.980000000000000000e+03
5.003000000000000000e+03
4.308000000000000000e+03
5.550000000000000000e+03
5.105000000000000000e+03
5.060000000000000000e+03
4.911000000000000000e+03
4.836000000000000000e+03
5.048000000000000000e+03
5.573000000000000000e+03
5.172000000000000000e+03
4.885000000000000000e+03
4.014000000000000000e+03
5.396000000000000000e+03
5.112000000000000000e+03
5.775000000000000000e+03
3.863000000000000000e+03
4.719000000000000000e+03
4.708000000000000000e+03
4.281000000000000000e+03
6.346000000000000000e+03
4.645000000000000000e+03
4.086000000000000000e+03
4.537000000000000000e+03
6.044000000000000000e+03
6.149000000000000000e+03
4.766000000000000000e+03
5.417000000000000000e+03
3.617000000000000000e+03
6.294000000000000000e+03
5.712000000000000000e+03
5.556000000000000000e+03
6.066000000000000000e+03
3.453000000000000000e+03
4.447000000000000000e+03
4.437000000000000000e+03
6.020000000000000000e+03
3.836000000000000000e+03
4.323000000000000000e+03
5.330000000000000000e+03
5.271000000000000000e+03
4.405000000000000000e+03
4.764000000000000000e+03
4.045000000000000000e+03
5.146000000000000000e+03
4.100000000000000000e+03
5.073000000000000000e+03
7.398000000000000000e+03
5.427000000000000000e+03
4.189000000000000000e+03
5.140000000000000000e+03
5.620000000000000000e+03
3.116000000000000000e+03
3.444000000000000000e+03
3.883000000000000000e+03
4.890000000000000000e+03
6.289000000000000000e+03
5.960000000000000000e+03
4.224000000000000000e+03
5.603000000000000000e+03
7.468000000000000000e+03
4.969000000000000000e+03
4.765000000000000000e+03
5.734000000000000000e+03
4.205000000000000000e+03
4.384000000000000000e+03
3.379000000000000000e+03
5.244000000000000000e+03
4.260000000000000000e+03
4.508000000000000000e+03
4.484000000000000000e+03
5.222000000000000000e+03
3.588000000000000000e+03
6.386000000000000000e+03
3.508000000000000000e+03
5.993000000000000000e+03
4.827000000000000000e+03
4.367000000000000000e+03
6.625000000000000000e+03
5.013000000000000000e+03
8.621000000000000000e+03
6.275000000000000000e+03
3.105000000000000000e+03
5.055000000000000000e+03
5.377000000000000000e+03
4.674000000000000000e+03
4.677000000000000000e+03
5.931000000000000000e+03
5.341000000000000000e+03
5.273000000000000000e+03
5.825000000000000000e+03
4.840000000000000000e+03
5.184000000000000000e+03
6.271000000000000000e+03
4.283000000000000000e+03
3.961000000000000000e+03
4.571000000000000000e+03
5.070000000000000000e+03
4.760000000000000000e+03
4.665000000000000000e+03
4.446000000000000000e+03
4.458000000000000000e+03
